a<-5
a
90
